0.186767578
0.007431030 
0.013538361
0.042800903
0.001476288 
0.003517151
0.186767578
0.012996674 
0.008914948
0.042800903
0.002754211 
0.002490997
0.007663727
0.155639648 
0.001552582
0.000751495
0.012645721 
0.000537872
0.557384491
0.024326324 
0.001102448
0.125484467
0.009254456 
0.000267029
0.557384491
0.001045227 
0.024715424
0.125484467
0.000244141 
0.009838104
0.001319885
0.503845215 
0.000000000
0.000400543
0.159076691 
0.000000000
0.557384491
0.000923157 
0.000652313
0.125484467
.000000000 
0.000385284
0.557384491
0.000289917 
0.001144409
0.125484467
0.000000000 
0.000251770
0.001392365
0.438491821 
0.005844116
0.000373840
0.007793427 
0.000205994
0.208168030
0.000000000 
0.007041931
0.043773651
0.000000000 
0.001739502
0.240268707
0.000000000 
0.000003815
0.065174103
0.000000000 
0.000003815
0.004341125
0.110893250 
0.000003815
0.000835419
0.000000000 
0.000003815