0.186767578
0.008438110 
0.001537323
0.042800903
0.002037048 
0.000370026
0.186767578
0.001583099 
0.007938385
0.042800903
0.000358582 
0.001934052
0.008853912
0.186653137 
0.002891541
0.002365112
0.042686462 
0.000850677
0.557384491
0.003414154 
0.001220703
0.125484467
0.000995636 
0.000289917
0.557384491
0.001159668 
0.003250122
0.125484467
0.000236511 
0.000957489
0.001392365
0.438491821 
0.005844116
0.000373840
0.007793427 
0.000205994
0.557384491
0.001224518 
0.000080109
0.125484467
0.000274658 
0.000007629
0.557384491
0.000095367 
0.001167297
0.125484467
0.000011444 
0.000293732
0.001319885
0.503845215 
0.000000000
0.000400543
0.159076691 
0.000000000
0.288906097
0.000003815 
0.004695892
0.063228607
0.000003815 
0.001213074
0.321979523
0.004295349 
0.000000000
0.102138519
0.000980377 
0.000000000
0.005466461
0.293769836 
0.000003815
0.001712799
0.094356537 
0.000000000