0.186767578
0.002418518 
0.034759521
0.093383789
0.001110077 
0.026771545
0.042800903
0.000602722 
0.019660950
0.012645721
0.000236511 
0.013420105
0.186767578
0.033329010 
0.003406525
0.093383789
0.025279999 
0.001571655
0.042800903
0.018077850 
0.000930786
0.012645721
0.012207031 
0.000354767
0.007553101
0.186767578 
0.000324249
0.003822327
0.093383789 
0.000179291
0.001949310
0.042800903 
0.000179291
0.000553131
0.012645721 
0.000179291
0.557384491
0.049263000 
0.000011444
0.277233124
0.038505554 
0.000011444
0.125484467
0.028022766 
0.000011444
0.035991669
0.018077850 
0.000003815
0.557384491
0.000000000 
0.052757263
0.277233124
0.000000000 
0.040267944
0.125484467
0.000000000 
0.029499054
0.035991669
0.000000000 
0.019660950
0.000144958
0.557384491 
0.000926971
0.000087738
0.277233124 
0.000522614
0.000030518
0.125484467 
0.000179291
0.000030518
0.035991669 
0.000179291
0.557384491
0.001232147 
0.007514954
0.277233124
0.000671387 
0.003593445
0.125484467
0.000255585 
0.001430511
0.035991669
0.000045776 
0.000583649
0.557384491
0.007305145 
0.001640320
0.277233124
0.003429413 
0.000938416
0.125484467
0.001380920 
0.000396729
0.035991669
0.000591278 
0.000095367
0.000129700
0.557384491 
0.000106812
0.000068665
0.277233124 
0.000053406
0.000034332
0.125484467 
0.000003815
0.000022888
0.035991669 
0.000000000
0.187740326
0.000003815 
0.006671906
0.094356537
0.000003815 
0.003089905
0.043773651
0.000000000 
0.001365662
0.012645721
0.000003815 
0.000133514
0.187740326
0.004699707 
0.000003815
0.094356537
0.002506256 
0.000003815
0.043773651
0.001331329 
0.000003815
0.012645721
0.000492096 
0.000003815
0.003303528
0.301551819 
0.000000000
0.001747131
0.150775909 
0.000003815
0.000762939
0.074901581 
0.000000000
0.000259399
0.018482208 
0.000003815